M =  [ 1	0	0;
    2	133.84	101.14;
    3	16.214	11.292;
    4	34.315	21.845;
    5	73.016	63.602;
    6	144.2	68.604;
    7	104.47	61.725;
    8	28.547	11.503;
    9	87.56	51.073;
    10	198.2	106.77;
    11	146.8	75.995;
    12	26.04	18.687;
    13	52.1	23.22;
    14	141.9	117.5;
    15	21.87	28.79;
    16	33.37	26.45;
    17	32.43	25.23;
    18	20.234	11.906;
    19	156.94	78.523;
    20	546.29	351.4;
    21	180.31	164.2;
    22	93.167	54.594;
    23	85.18	39.65;
    24	168.1	95.178;
    25	125.11	150.22;
    26	16.03	24.62;
    27	26.03	24.62;
    28	594.56	522.62;
    29	120.62	59.117;
    30	102.38	99.554;
    31	513.4	318.5;
    32	475.25	456.14;
    33	151.43	136.79;


sampleMatrix = [
    12, 45, 67, 89; 
    34, 56, 78, 90; 
    23, 56, 87, 101; 
    45, 67, 89, 112;
    67, 89, 101, 134; 
    78, 90, 123, 145; 
    34, 67, 89, 110; 
    56, 78, 101, 123;
    78, 90, 112, 134; 
    23, 45, 67, 89; 
    12, 34, 56, 78; 
    45, 67, 89, 101;
    67, 89, 101, 123; 
    90, 112, 134, 145; 
    34, 56, 78, 90; 
    45, 67, 89, 101;
    23, 45, 67, 89; 
    34, 56, 78, 90; 
    12, 34, 56, 78; 
    45, 67, 89, 101;
    67, 89, 101, 123; 
    78, 90, 112, 134; 
    34, 56, 78, 90; 
    45, 67, 89, 112;
    56, 78, 90, 123; 
    67, 89, 101, 134; 
    12, 34, 56, 78; 
    45, 67, 89, 101;
    23, 45, 67, 89; 
    34, 56, 78, 90; 
    78, 90, 112, 134; 
    12, 34, 56, 78
];